Learning Systems Group University of Sydney                               matrix
#
rra               12     9     28                                              0
          (10i8)          (10i8)            (8f10.3)            (8f10.3)
             1   4   10   14   17   20   21   23   26   29   
             1   4   5   1   7   8   9   10   12   2   5   9   12   2   4   
             9   7   10   12   11   3   11   3   6   11   3   6   8   
             1.000   1.000   1.000   1.000   1.000   1.000   1.000   1.000   
             1.000   1.000   1.000   1.000   1.000   1.000   1.000   2.000   
             1.000   1.000   1.000   1.000   1.000   1.000   1.000   1.000   
             1.000   1.000   1.000   1.000   
